%YAML:1.0
camera_matrix:
  cols: 3
  data: [561.3730764409432, 0.0, 337.0438208226186, 0.0, 560.5198733837651, 245.06920320516895,
    0.0, 0.0, 1.0]
  rows: 3
distortion_coefficients:
  cols: 5
  data: [0.04230938651034284, 0.034369191584522805, 0.0020736926924191028, 0.004785547602301376,
    -0.1269844061621958]
  rows: 1
